91 90
21 78
31 90
12 45
74 7
36 38
26 65
80 68
1 38
79 11
53 41
3 25
8 80
79 32
82 66
54 20
83 89
90 70
3 32
2 12
64 41
77 31
71 25
81 27
17 54
82 60
65 20
14 37
1 39
35 69
61 73
62 77
13 18
55 49
11 9
18 39
88 73
76 53
16 4
19 52
30 2
0 4
50 85
5 19
85 88
0 75
17 51
23 83
47 84
40 36
44 28
16 69
48 47
27 55
52 71
22 57
10 15
59 79
37 7
42 79
34 51
15 26
79 22
72 57
50 78
42 34
23 79
79 14
33 30
46 56
59 63
40 72
64 24
89 29
84 5
79 33
29 44
61 43
81 79
68 86
6 67
87 6
8 28
56 66
49 35
21 9
63 87
58 74
62 67
45 24
58 60
