100 99
80 56
96 44
58 31
9 28
6 65
93 58
57 79
99 90
68 70
19 18
25 67
11 99
0 22
40 96
15 97
17 75
12 14
6 62
4 45
45 61
12 74
98 11
71 24
50 88
52 22
62 5
43 63
25 45
60 10
39 35
92 25
20 49
93 22
29 58
38 37
58 34
96 87
63 77
36 57
39 56
32 91
48 24
2 64
86 88
0 88
62 92
76 90
54 28
86 27
54 37
57 80
69 93
33 59
17 45
91 99
7 8
42 81
46 43
4 19
88 26
56 48
47 0
45 81
88 66
85 59
99 62
55 81
26 1
30 72
3 87
53 91
93 82
62 57
84 99
67 41
44 21
45 78
51 28
87 83
73 32
95 20
20 80
87 97
74 85
2 62
68 44
94 85
62 13
93 8
16 44
23 5
72 9
85 99
10 4
72 57
90 93
43 74
9 89
92 87
