500 499
222 376
92 201
219 158
32 432
365 292
76 1
261 464
364 10
433 133
463 324
285 434
182 401
373 351
258 56
315 132
423 340
476 292
253 492
103 266
140 47
64 167
221 371
200 99
100 486
478 116
465 355
271 450
237 182
146 166
405 231
252 295
473 116
340 321
254 50
195 366
128 239
490 410
175 420
77 49
33 468
39 343
157 66
447 123
185 394
12 262
238 471
85 242
472 248
320 201
380 66
7 460
215 346
109 74
137 297
313 454
337 461
139 180
79 247
243 53
18 151
434 260
286 362
411 353
391 65
329 64
447 152
220 364
397 339
1 310
249 264
128 45
46 381
231 354
105 487
338 255
448 97
493 385
301 40
218 86
112 58
209 287
449 130
451 120
82 93
159 184
482 59
45 124
190 278
409 245
480 227
253 115
293 9
466 228
214 326
374 78
280 159
217 424
277 35
48 403
343 368
341 404
19 62
57 489
349 173
89 480
367 195
341 435
61 286
176 382
272 494
276 369
361 249
67 169
326 206
282 325
350 73
392 63
442 383
254 488
335 37
258 465
402 436
359 492
350 443
160 300
131 122
470 375
243 11
460 416
455 337
102 176
497 381
136 371
268 80
390 455
275 306
229 496
335 395
304 308
11 147
16 129
33 186
353 65
479 226
23 165
237 255
265 408
257 61
211 413
398 108
23 372
18 120
358 88
264 469
97 304
73 311
294 307
344 430
12 62
204 158
113 43
388 278
490 478
393 474
360 453
410 169
224 82
366 281
114 79
241 251
224 458
178 193
281 267
130 347
198 170
161 236
56 496
344 3
135 440
309 313
491 428
464 269
162 113
233 259
209 77
30 413
382 208
493 307
262 168
15 107
105 384
19 84
459 22
426 442
357 318
421 35
9 354
110 328
213 125
98 308
412 351
174 336
234 302
17 499
388 91
235 476
469 76
71 4
94 143
452 378
457 25
154 196
247 171
232 175
138 489
192 183
427 37
34 338
454 31
189 418
377 348
222 171
58 22
283 95
179 404
309 148
148 152
191 227
397 154
288 241
497 448
483 199
20 290
71 320
293 199
328 8
194 5
267 248
140 204
299 429
369 334
14 155
104 119
118 383
69 205
263 407
0 233
26 362
193 207
46 69
74 301
394 134
375 437
481 424
499 234
400 167
332 323
408 165
315 406
125 387
468 291
462 124
151 54
141 467
303 220
117 29
197 322
415 132
417 316
112 432
271 7
81 70
379 126
266 444
230 498
177 8
239 223
225 322
400 438
331 68
363 210
50 121
384 144
438 106
342 174
470 441
127 414
197 84
119 179
211 419
2 194
160 273
488 498
223 173
29 403
213 376
441 48
2 89
180 495
25 445
106 90
136 316
287 372
153 177
181 143
463 215
277 6
265 296
13 55
409 284
411 252
250 57
295 401
339 412
98 4
127 101
149 144
150 34
418 355
38 54
319 345
297 122
75 263
317 325
44 219
6 259
389 28
207 482
196 149
285 475
416 27
289 14
27 139
290 284
399 387
60 111
104 260
246 42
157 52
333 474
141 396
170 461
40 391
314 225
202 435
274 296
450 299
59 458
52 240
417 36
185 208
217 457
129 365
270 96
126 10
15 181
329 373
268 436
361 431
311 377
161 495
389 244
72 242
142 210
99 393
392 430
53 261
75 188
433 305
78 352
399 446
111 414
342 115
163 429
370 331
51 405
203 380
319 101
486 147
192 357
229 422
138 162
348 396
321 303
475 93
226 81
428 352
142 236
83 94
21 363
198 456
145 333
367 386
212 95
60 437
51 477
230 317
203 202
251 191
444 426
459 386
183 166
96 21
356 312
80 270
164 419
306 205
43 445
481 131
100 302
368 330
55 109
163 484
32 360
472 108
3 280
172 0
206 330
283 439
275 456
269 334
88 189
72 291
425 240
421 118
272 184
462 83
70 107
214 164
300 443
440 216
228 30
145 87
256 86
494 232
378 349
221 385
17 298
395 471
420 24
318 91
44 218
279 485
288 110
36 150
68 103
114 332
477 452
190 187
491 358
427 324
345 186
453 188
28 172
38 156
16 467
346 39
41 5
479 20
42 422
451 294
49 153
92 402
26 146
289 406
310 250
274 398
415 347
336 279
117 168
47 483
235 374
449 273
133 41
323 484
135 431
485 305
244 13
314 327
156 245
407 356
85 370
200 216
257 87
90 359
466 24
487 137
282 390
298 212
187 121
327 238
256 246
67 425
134 446
276 473
102 31
155 379
178 312
439 423
