83 99
72 37
47 16
59 41
36 32
53 35
60 1
13 69
25 17
28 70
19 73
2 8
2 22
45 76
66 54
11 29
69 82
75 56
59 31
68 4
30 18
13 7
62 50
49 24
55 81
48 61
56 63
81 45
21 71
39 69
75 63
34 46
27 5
26 43
61 6
80 33
73 67
62 20
50 57
12 30
52 32
74 60
15 27
26 14
65 55
16 10
25 30
35 64
73 43
9 49
77 33
3 9
68 5
8 56
25 18
79 19
6 44
36 20
54 56
45 76
42 28
37 80
47 40
33 34
69 77
79 70
15 62
51 58
11 1
13 40
64 65
34 72
17 21
22 43
48 3
51 24
67 4
58 44
70 5
14 78
38 41
74 81
23 10
57 58
77 46
52 32
20 36
23 82
12 54
78 75
29 53
38 39
0 66
55 60
48 6
71 0
10 36
57 42
53 70
7 31
